OLD METHOD DELTA 2
1 823.2977530762255 0.07799647562027019 823.2977530762253 0.6366460916213388 469.881870440418 9262.396721810708 1293.1796235166432 9262.396721810708
2 1492.1623187431796 0.09245826054803871 1492.1623187431787 0.677265335657315 711.0544121042243 13935.550210024192 2203.216730847403 13935.550210024192
3 2324.582712529329 0.10913230206576031 2324.582712529329 0.7142277010193329 930.0974254878979 18045.91252361833 3254.680138017227 18045.91252361833
4 3179.70676643763 0.12138794130879492 3179.706766437631 0.7364565718851341 1137.8686179444005 21877.00977913825 4317.575384382031 21877.00977913825
5 4032.6568531966623 0.12893766153702035 4032.656853196664 0.7478672633842566 1359.5525008376926 25883.81043044741 5392.209354034357 25883.81043044741
6 5044.3707268370235 0.1397680415861976 5044.370726837022 0.7630745008550635 1566.216733737994 29480.42926677939 6610.587460575016 29480.42926677939
7 6155.605855927148 0.1497338425513259 6155.605855927147 0.7756870997422173 1780.0757584413643 33174.636207182906 7935.681614368511 33174.636207182906
8 7363.642504047057 0.1598689214034462 7363.642504047056 0.7874031127292567 1988.1652104583802 36708.692596647124 9351.807714505436 36708.692596647124
9 8678.547040591751 0.16995946941970008 8678.547040591748 0.7980048973098854 2196.7584491960542 40187.14528287751 10875.305489787801 40187.14528287751
10 10024.674216358544 0.17863034043505255 10024.674216358542 0.8061157744285753 2411.100562350695 43683.88659540863 12435.774778709238 43683.88659540863
11 11300.090498113343 0.18614470246155607 11300.090498113348 0.8124961174342105 2607.7796512210466 46798.077152319915 13907.870149334394 46798.077152319915
12 12684.854426031634 0.19398531533098373 12684.854426031634 0.8186966642116869 2809.1068670020045 49896.83596596684 15493.961293033639 49896.83596596684
13 14095.328649491916 0.20241522066868087 14095.32864949191 0.8249150264023362 2991.6781310309466 52548.70837433479 17087.006780522857 52548.7083743348
14 15436.342915750887 0.20911272047094942 15436.342915750878 0.8293012782747171 3177.330209008715 55204.61435668203 18613.673124759593 55204.61435668203
15 16752.44325043039 0.21420232466329225 16752.443250430333 0.8322814283692926 3375.8963705242813 58080.16384306609 20128.339620954615 58080.16384306614
16 18162.549826390736 0.2200447173833433 18162.549826390736 0.835678406899691 3571.348855726154 60806.36877974395 21733.89868211689 60806.36877974395
17 19573.64645893559 0.22595906934017218 19573.646458935575 0.8389443473519189 3757.6347168881825 63293.46248280877 23331.28117582376 63293.46248280877
18 21020.284308484886 0.23237123889725397 21020.28430848489 0.8422930852345659 3935.7371488574277 65503.90124324321 24956.021457342318 65503.90124324321
19 22474.170340514494 0.2379166542206131 22474.17034051449 0.8449924423599198 4122.718831355458 67865.47797151994 26596.88917186995 67865.47797151994
20 23876.91363902994 0.24429424903100608 23876.91363902994 0.8479793622101146 4280.509410510804 69580.91395076849 28157.423049540743 69580.91395076849
21 25323.15985764454 0.24926575493478884 25323.159857644543 0.8500665967136922 4466.4589269805665 71801.39143765515 29789.61878462511 71801.39143765515
22 26779.855981473258 0.2551836916679266 26779.85598147325 0.8525651853269673 4631.063021984419 73532.52705469476 31410.91900345767 73532.52705469476
23 28246.278922271667 0.26121476519657366 28246.27892227165 0.8550334342655945 4789.012787148986 75099.02030397304 33035.291709420635 75099.02030397305
24 29724.475238674306 0.26705131592769626 29724.475238674313 0.8572383375817815 4950.216659176753 76631.53827523733 34674.691897851066 76631.53827523733
25 31174.53425937175 0.27297171735570835 31174.53425937175 0.8593741806569685 5101.322010291433 77928.40841153212 36275.856269663185 77928.40841153212
26 32608.536779409507 0.2777330708550352 32608.536779409507 0.8608541522073788 5270.744740921881 79530.34736909161 37879.28152033139 79530.34736909161
27 34062.91263532906 0.28321156221607613 34062.91263532906 0.8626331389432563 5424.224013579241 80786.59924235726 39487.1366489083 80786.59924235726
28 35462.20343489066 0.28805614465408547 35462.20343489066 0.8639990827077609 5582.05707954486 82064.39067394906 41044.26051443552 82064.39067394906
29 36902.123079478406 0.2936764954242376 36902.1230794784 0.8656265543911174 5728.411869204398 83025.1564479696 42630.5349486828 83025.1564479696
30 38257.06011898772 0.29893570342992415 38257.06011898771 0.8669689129241789 5870.3123261803385 83850.18152391096 44127.372445168054 83850.18152391096
31 39554.19042056221 0.30368243861258787 39554.19042056221 0.8680088433841946 6014.6891156741385 84679.6478441107 45568.87953623635 84679.6478441107
32 40870.895249424895 0.3088627234909238 40870.89524942487 0.8691730017237608 6151.843800647917 85304.31805633752 47022.73905007279 85304.31805633752
33 42213.81185961039 0.31416301640079775 42213.811859610374 0.8703469915224602 6288.466278638352 85866.85398695196 48502.27813824873 85866.85398695196
34 43579.94935856527 0.31992345795797505 43579.94935856526 0.8716958075342219 6414.497077790182 86225.47828166853 49994.44643635544 86225.47828166853
35 44884.815956975755 0.3250777303666237 44884.815956975755 0.8727074892951964 6546.868207010276 86642.41862476706 51431.68416398603 86642.41862476706
36 46146.43978211009 0.32978724725424224 46146.43978211009 0.8734977083749054 6683.051743360553 87098.41704685356 52829.491525470636 87098.41704685356
37 47431.77659107368 0.33505234828008473 47431.77659107371 0.8744629304994443 6809.2608923372045 87324.23383778399 54241.03748341091 87324.23383778398
38 48250.19515565927 0.3377868849099531 48250.195155659254 0.8748589502308273 6901.775505358363 87690.15054366372 55151.970661017614 87690.15054366372
39 48674.29661031881 0.33884412962235727 48674.29661031886 0.8749975124067492 6953.629092505597 88020.11879647516 55627.925702824454 88020.11879647513
40 49125.06471392521 0.34025148562696855 49125.06471392518 0.8752093002882969 7004.440191636513 88249.1878822282 56129.5049055617 88249.1878822282
41 49594.05520117872 0.3426613963442773 49594.05520117873 0.8757024671296145 7039.398583345334 88098.50531643866 56633.45378452406 88098.50531643866
42 50080.84717453392 0.3449384775413496 50080.84717453391 0.8760851289655551 7083.514505326229 88023.40493724759 57164.36167986014 88023.40493724759
43 50480.548481761 0.34733984021456854 50480.548481761 0.8764626300690957 7115.231132689164 87738.96934661556 57595.77961445016 87738.96934661556
44 50892.44466453319 0.34947033249525217 50892.44466453318 0.8768220236877531 7149.487779737396 87585.4354102657 58041.93244427058 87585.4354102657
45 51241.85399262447 0.35130516135281353 51241.853992624456 0.877006698946582 7186.267541878867 87433.25378745672 58428.12153450332 87433.25378745672
46 51599.0760174024 0.353241952606492 51599.07601740239 0.8772033939060726 7223.1724780559125 87250.65036795405 58822.2484954583 87250.65036795405
47 51982.38807279689 0.35570728695567155 51982.38807279689 0.8775150516362866 7255.784509959684 86899.93023118709 59238.172582756575 86899.93023118709
48 52335.75865566227 0.3575638895010468 52335.758655662285 0.8776804801962156 7293.867200847624 86737.94702310287 59629.625856509905 86737.94702310287
49 52705.712287522736 0.36000854739781746 52705.71228752274 0.8779804619941761 7324.908630636542 86370.65946389161 60030.620918159286 86370.65946389161
50 53054.264538437565 0.36170147730968855 53054.264538437594 0.8780047951262057 7371.674856131998 86253.76159269662 60425.93939456959 86253.76159269662
51 53343.41392707209 0.36410548887107214 53343.4139270721 0.8781816929015931 7399.612667823722 85762.35593165191 60743.02659489582 85762.35593165191
52 53656.14385562908 0.3662405232573468 53656.14385562918 0.878240142722457 7438.9271226803285 85410.13652415594 61095.07097830951 85410.13652415584
53 54021.4900278017 0.36885331130757504 54021.49002780172 0.8784907831543326 7472.0293849241725 84964.40402653233 61493.519412725895 84964.40402653233
54 54334.23508518681 0.37155142104637384 54334.23508518679 0.8787425799436537 7497.564494470293 84404.31205239956 61831.79957965708 84404.31205239956
55 54608.80695594437 0.37394124165355697 54608.80695594438 0.8788481623245685 7527.986744008455 83899.00249750819 62136.79369995284 83899.00249750819
56 54881.87017833484 0.3760878101422077 54881.87017833486 0.8788662964801613 7564.340807494781 83482.12994492987 62446.21098582964 83482.12994492987
57 55179.528205402996 0.37900536768095106 55179.52820540295 0.8791057656174341 7588.264207661221 82822.56833310191 62767.79241306417 82822.56833310194
58 55217.6900949884 0.3803418930977477 55217.69009498842 0.8792480752569921 7583.345982172226 82378.05435976233 62801.03607716065 82378.05435976233
59 54856.14359225084 0.38076320568060334 54856.14359225083 0.8793696882386163 7525.064591224403 81687.71122326485 62381.20818347523 81687.71122326485
60 54436.13056522672 0.3804717236466677 54436.13056522671 0.8793623707121512 7467.963103395513 81171.27089061073 61904.09366862223 81171.27089061073
61 54046.48617516438 0.3804967955562767 54046.486175164384 0.8793660398236911 7414.252274549296 80581.15732013053 61460.73844971368 80581.15732013053
62 53678.21891291246 0.3805863953217392 53678.218912912445 0.879344283460525 7365.242587365942 79997.36279806284 61043.46150027839 79997.36279806284
63 53293.950470113225 0.3808207500667919 53293.950470113225 0.8793828503255843 7309.858724461786 79341.16612719 60603.80919457501 79341.16612719
64 52911.175180823746 0.3811347982289111 52911.175180823746 0.8794410858159977 7253.372546360972 78660.81124474804 60164.54772718472 78660.81124474804
65 52486.25885491306 0.38137604905378947 52486.25885491307 0.8794076578880837 7197.391138492651 77939.7245869691 59683.64999340572 77939.7245869691
66 52036.01600499 0.3808928336552061 52036.01600499001 0.879202504772959 7149.45687810595 77430.42378692208 59185.47288309596 77430.42378692208
67 51565.806176222075 0.3799508038371862 51565.806176222075 0.8789372873853417 7102.550390626718 77048.70378794041 58668.35656684879 77048.70378794041
68 51151.95921934892 0.37978404845572755 51151.95921934892 0.8788949850379993 7048.349224938482 76486.65228337423 58200.3084442874 76486.65228337423
69 50740.16041616167 0.3797303306246129 50740.16041616168 0.8788988257793406 6991.354210870807 75890.04868791241 57731.514627032484 75890.04868791241
70 50338.26792125408 0.3796007606305604 50338.26792125408 0.8788837692423445 6936.95968324358 75333.2209076614 57275.22760449766 75333.22090766138
71 49962.11053579705 0.3795739927458655 49962.11053579706 0.8788515591243123 6887.2060718668135 74777.4847291916 56849.31660766387 74777.4847291916
72 49647.58254747384 0.38018522301282603 49647.58254747385 0.8789567740959144 6837.086563291946 74103.21159126486 56484.6691107658 74103.21159126484
73 49303.98822828145 0.37995777626551025 49303.98822828147 0.8788922147232594 6793.889762145407 73663.87794170696 56097.87799042688 73663.87794170695
74 48924.727228756106 0.3800112718709838 48924.72722875611 0.8789533757093606 6737.75565239938 73082.98034648885 55662.48288115549 73082.98034648885
75 48587.686591457445 0.38017673632507426 48587.68659145744 0.8790496254651673 6685.286837939407 72529.91914399831 55272.97342939684 72529.91914399831
76 48259.33154191918 0.38108270512407244 48259.33154191917 0.8792481396448221 6627.71270182963 71750.37827115374 54887.0442437488 71750.37827115374
77 47858.10718861413 0.38118917838187316 47858.10718861412 0.8792527151403036 6572.327161511637 71119.05630375147 54430.43435012576 71119.05630375147
78 47454.3073319822 0.3808934140954594 47454.30733198219 0.8791240175781603 6524.774553086623 70607.75940930235 53979.081885068816 70607.75940930235
79 47037.30169907592 0.3805477051026081 47037.30169907591 0.8789841147157981 6475.954014634545 70090.962807048 53513.25571371046 70090.962807048
80 46481.09069890015 0.3881063736754807 46481.090698900145 0.8807404222662872 6293.926234348808 66988.77426324866 52775.01693324895 66988.77426324866
81 45902.26333313695 0.39573227558704227 45902.263333136936 0.8823867663974094 6118.307556140736 63972.65525090516 52020.570889277675 63972.65525090516
82 45278.39767586641 0.40330932804134534 45278.39767586642 0.8838919995293861 5947.767624842449 61041.00663840554 51226.16530070887 61041.00663840554
83 44547.327965170465 0.4104988468019946 44547.327965170465 0.8851859656809489 5778.060927435221 58194.59432346899 50325.38889260569 58194.59432346899
84 43731.595750885455 0.41739533765130055 43731.5957508852 0.8863606148697526 5606.783027724453 55434.22361068559 49338.37877860965 55434.22361068584
85 42861.75098385449 0.4241371568851553 42861.75098385447 0.8874414771619106 5436.364539130596 52758.22978434264 48298.11552298507 52758.22978434264
86 41947.10785167692 0.4307510199518224 41947.10785167692 0.8884161344463744 5268.500043396588 50165.72356728383 47215.60789507351 50165.72356728383
87 41013.95347845555 0.4373786772513711 41013.95347845555 0.8892638826230581 5107.287111544412 47650.94267279759 46121.240589999965 47650.94267279759
88 40074.938880554335 0.44408959102798745 40074.938880554335 0.8900672955953246 4949.677885922939 45216.04568135914 45024.61676647727 45216.04568135914
89 39110.85907478283 0.45078431160947985 39110.85907478283 0.8908241112310622 4793.272595759981 42857.67007704121 43904.13167054281 42857.67007704121
90 38092.60720461573 0.45724670709479226 38092.60720461572 0.8914345453981852 4639.197840700923 40576.84784065966 42731.80504531664 40576.84784065966
91 37034.27459836242 0.46355455169893073 37034.27459836241 0.8919495807133254 4486.317371359369 38371.35270568165 41520.59196972178 38371.35270568165
92 35985.38747154573 0.47001484902843993 35985.38747154573 0.8924402670428598 4337.073090195729 36239.77475046312 40322.460561741456 36239.774750463126
93 34922.85305364942 0.47647495039815013 34922.85305364942 0.8929073638443369 4188.542447998191 34182.81025768418 39111.39550164761 34182.81025768418
94 33809.90884396764 0.48265612504002886 33809.90884396765 0.8933318554696851 4037.066652267721 32202.708098194587 37846.97549623537 32202.708098194587
95 32676.33895054744 0.4887339928418346 32676.338950547437 0.8937108038946757 3886.2032142649296 30296.607043420103 36562.54216481237 30296.607043420103
96 31548.774527212772 0.4948712285263453 31548.774527212772 0.8940663479230846 3738.063636980019 28464.644461217547 35286.83816419279 28464.644461217547
97 30403.85265071216 0.5008834002891629 30403.85265071216 0.8943991160152618 3589.7550198407657 26706.85202357917 33993.60767055293 26706.85202357917
98 29258.02134637245 0.5068723167412134 29258.02134637245 0.894682197037307 3444.117405531687 25020.52705568682 32702.13875190414 25020.52705568682
99 28140.557959485075 0.5130699511276026 28140.55795948508 0.8948494648433246 3306.6955340531795 23400.156489523495 31447.253493538257 23400.156489523495
100 27047.056167167513 0.519460564386161 27047.056167167513 0.8949473934944971 3174.8947137183354 21845.632341968867 30221.950880885848 21845.632341968867
101 25996.929063740656 0.5262846739350332 25996.929063740652 0.8951101520056528 3046.344555142932 20353.811934380738 29043.273618883584 20353.81193438074
102 24973.948994748192 0.5334082083122503 24973.948994748196 0.8952993378036981 2920.575149559776 18925.0571924096 27894.524144307972 18925.0571924096
103 23934.532851788095 0.5404250930430381 23934.5328517881 0.8954618682058452 2794.168505136822 17559.64342924512 26728.70135692492 17559.64342924512
104 22884.163884833964 0.5473472907460959 22884.163884833964 0.8956403029610818 2666.4548280315594 16258.602364378281 25550.618712865526 16258.602364378281
105 21840.48301057896 0.5543252010608692 21840.483010578955 0.8957653802613981 2541.4405286022143 15018.202900642553 24381.92353918117 15018.202900642551
106 20777.87487806884 0.5610111010843143 20777.87487806884 0.8958451493667038 2415.7260391848395 13842.876325192434 23193.60091725368 13842.876325192434
107 19717.198626086014 0.5676398647907981 19717.198626086018 0.8959601787922751 2289.581466154415 12728.621434487664 22006.78009224043 12728.621434487664
108 18680.49349960949 0.574371401248964 18680.49349960949 0.8960910429741908 2166.153329497946 11676.722995694028 20846.646829107434 11676.722995694028
109 17621.427658851637 0.5806062324531506 17621.427658851637 0.8960904390360094 2043.359388545395 10685.262045941834 19664.787047397032 10685.262045941834
110 16578.487589183846 0.5867408964934882 16578.487589183846 0.8960080961679474 1924.1215502723906 9752.601445422159 18502.609139456235 9752.601445422159
111 15547.952044218162 0.5926819333224677 15547.952044218164 0.8959072447458507 1806.4695606978426 8878.792485243886 17354.421604916006 8878.792485243886
112 14529.098980706196 0.5983559110659479 14529.098980706196 0.8957837765291834 1690.3273601021297 8062.274085319612 16219.426340808326 8062.274085319612
113 13537.414021637074 0.6039119071052902 13537.414021637074 0.8956622645343284 1577.0041666466864 7301.788318598157 15114.41818828376 7301.788318598157
114 12530.66491631167 0.6084932760359683 12530.66491631167 0.8954426668845218 1463.1566645932426 6599.11742072668 13993.821580904914 6599.11742072668
115 11534.02187440809 0.612345407828048 11534.02187440809 0.8950709246742278 1352.1322352296916 5949.656083368425 12886.154109637782 5949.656083368425
116 10535.905748971141 0.6148754889111191 10535.905748971134 0.8945777468852396 1241.6125110742116 5357.504909652208 11777.518260045346 5357.504909652215
117 9548.308733836619 0.6161008136524307 9548.308733836619 0.8940337402566604 1131.7230187630958 4817.93306460508 10680.031752599714 4817.93306460508
118 8811.806807052128 0.6218937788392239 8811.806807052128 0.893769584996562 1047.3414062829945 4310.163503369178 9859.148213335122 4310.163503369178
119 8293.393831718897 0.6325365767551734 8293.393831718897 0.8938415591941636 984.9774259296571 3832.955638675576 9278.371257648554 3832.955638675576
120 7791.594843050815 0.6438398966506942 7791.594843050815 0.8939606055791494 924.2196955585872 3385.9438078107314 8715.814538609402 3385.9438078107314
121 7289.475220555505 0.65538507838919 7289.475220555503 0.8939966206977839 864.3310151614833 2968.62462351409 8153.8062357169865 2968.62462351409
122 6793.480156459148 0.6673737315887992 6793.480156459147 0.8940287326499204 805.2467170308415 2580.6970907797577 7598.726873489989 2580.6970907797577
123 6322.277294458359 0.6804804689874537 6322.277294458359 0.8941260172083143 748.6245390416827 2220.0000844724564 7070.901833500042 2220.0000844724564
124 5846.124567364737 0.6937520223552476 5846.124567364738 0.894135889074282 692.1708291184019 1888.526261661345 6538.29539648314 1888.526261661345
125 5337.304279442252 0.7062444520465775 5337.304279442252 0.894145649332447 631.8622466455134 1588.1378378270836 5969.166526087765 1588.1378378270836
126 4849.692057811338 0.7197291372700562 4849.692057811338 0.8942098063523124 573.7466289039727 1314.7796327573385 5423.438686715311 1314.7796327573385
127 4389.29512010246 0.734311058107268 4389.29512010246 0.8941644020310625 519.5282574915628 1068.6095803354663 4908.8233775940225 1068.6095803354663
128 3922.8911108511993 0.7489762726376494 3922.8911108511993 0.8940043486566909 465.1089215263164 849.6707112310371 4388.000032377516 849.6707112310371
129 3476.694959066561 0.7648981336515575 3476.6949590665618 0.8940660759356662 411.93816620675676 656.6714141287065 3888.6331252733185 656.6714141287065
130 3053.632823207989 0.7823201030269943 3053.632823207989 0.894193046570635 361.32643521962956 488.34427601143153 3414.959258427619 488.34427601143153
131 2619.7336022521476 0.7995756291283946 2619.733602252148 0.8942992575561107 309.63660589406516 347.0348082346384 2929.3702081462134 347.0348082346384
132 2185.8367941850415 0.8173854861759443 2185.8367941850415 0.8945453340647112 257.68027638403777 230.66399962738197 2443.5170705690794 230.66399962738197
133 1764.5501007883188 0.8356519755602877 1764.5501007883188 0.8949006015712476 207.2332432949893 139.8015649396423 1971.783344083308 139.8015649396423
134 1366.0146119742851 0.8555351102273515 1366.0146119742851 0.8946146635616194 160.91610760048562 69.74789202689428 1526.9307195747708 69.74789202689428
135 986.956786631447 0.8759258675609445 986.9567866314471 0.8942807823931141 116.67509953111814 23.126465408525135 1103.6318861625653 23.126465408525135
136 592.4685724012908 0.8946750862089775 592.4685724012908 0.8946750862089775 69.74789202689428 0.0 662.2164644281851 0
OLD METHOD DELTA 8
1 6490.44151218091 0.4000834305467529 6490.441512180912 0.7792571662133274 1838.56949161922 7893.709100631814 8329.011003800131 7893.709100631814
2 10452.662308133391 0.4164528923165758 10452.66230813339 0.7897802385398515 2782.2374754549014 11864.367146673705 13234.899783588291 11864.367146673705
3 14683.489931365828 0.4362361289831458 14683.489931365828 0.801377788150288 3639.316301207378 15336.693647898941 18322.806232573206 15336.693647898941
4 18873.701231264975 0.4505691383837822 18873.701231264975 0.8091274983949137 4452.290369199973 18562.588027882528 23325.99160046495 18562.58802788253
5 23388.339253665417 0.4619307320190624 23388.339253665414 0.8146964349821311 5319.7024774591355 21923.660453826105 28708.041731124547 21923.660453826105
6 28235.303743578646 0.4762883789325963 28235.303743578646 0.8216619775253512 6128.345197092321 24918.300803424027 34363.648940670966 24918.300803424027
7 33266.477611531154 0.4876267596288068 33266.47761153115 0.8268739771662303 6965.13993862841 27989.572026996535 40231.61755015956 27989.57202699654
8 38527.60841156634 0.498904172448021 38527.60841156633 0.8320045624413559 7779.359303267518 30917.498503837414 46306.96771483385 30917.498503837414
9 44049.408131785014 0.5096346209800292 44049.40813178501 0.8367260565388532 8595.54990142951 33788.35383064167 52644.95803321452 33788.35383064167
10 49715.4827962371 0.5188940500981486 49715.48279623709 0.8405024528090433 9434.234887611387 36660.752270149715 59149.717683848474 36660.752270149715
11 55237.726474209696 0.5278653955072968 55237.72647420971 0.8440775025050069 10203.807401859982 39202.04940167924 65441.53387606969 39202.04940167924
12 60999.763771808764 0.5364705571360171 60999.763771808764 0.8473209606688549 10991.567262486682 41714.3755704807 71991.33103429545 41714.3755704807
13 66598.43708591774 0.5452683686292821 66598.43708591773 0.8505072269064841 11705.938208050748 43834.44829731303 78304.37529396848 43834.44829731303
14 72234.17638787368 0.5530265013271282 72234.17638787368 0.8531608374661978 12432.363865429495 45949.5807002666 84666.54025330317 45949.5807002666
15 77830.88526270444 0.5587809036701742 77830.88526270444 0.8549067402001331 13209.320180621782 48246.74003297243 91040.20544332622 48246.74003297243
16 83741.05887559961 0.5653642357040456 83741.05887559963 0.856991542229248 13974.093199026824 50403.624436443875 97715.15207462646 50403.624436443875
17 89445.59555054063 0.5715494300783114 89445.59555054066 0.8588267192277435 14702.998744441331 52348.09845525864 104148.59429498199 52348.098455258645
18 95304.0730614574 0.5784990044267652 95304.0730614574 0.8608912967704814 15399.883894522858 54039.754497584356 110703.95695598026 54039.754497584356
19 101226.99139755566 0.5844002044463872 101226.99139755563 0.8625450087050757 16131.5120729195 55856.68472996329 117358.50347047513 55856.68472996329
20 106828.07831400282 0.591224599788808 106828.07831400282 0.8644657135992792 16748.92032624944 57112.50303502138 123576.99864025226 57112.50303502138
21 112910.30999731818 0.5968464318570793 112910.30999731875 0.8659641378123382 17476.509810902186 58791.34055373292 130386.81980822094 58791.34055373235
22 118864.19616444432 0.6032864624433113 118864.19616444432 0.8677183044708304 18120.578216836588 60043.011859842605 136984.7743812809 60043.011859842605
23 124540.32182595765 0.6092125619094046 124540.32182595765 0.8692158771271904 18738.609338496848 61149.42375262274 143278.9311644545 61149.42375262274
24 130294.73348154352 0.6149560739639394 130294.73348154353 0.8705810386818318 19369.373238292686 62212.38169612166 149664.1067198362 62212.38169612166
25 135849.0365108882 0.6206588168173156 135849.0365108882 0.8718909769068661 19960.623307852373 63069.10711396852 155809.65981874056 63069.10711396852
26 141626.75463272934 0.6254829371479067 141626.75463272948 0.8728905516822161 20623.546232355406 64177.545877662014 162250.3008650849 64177.54587766189
27 147216.29679799321 0.6306734914262625 147216.29679799321 0.8739964560328455 21224.085061473626 64986.73819446928 168440.38185946684 64986.73819446928
28 152772.71722158283 0.6354431737478835 152772.71722158283 0.8749148840926968 21841.659558635052 65804.78819486525 174614.3767802179 65804.78819486525
29 158225.28250190115 0.6406430428239874 158225.28250190112 0.8759169031633557 22414.321472487092 66339.24684468254 180639.6039743882 66339.24684468254
30 163476.9914969487 0.645650138558393 163476.99149694873 0.8768035405358702 22969.55432452182 66750.9395255627 186446.54582147056 66750.9395255627
31 168759.57396388944 0.6504414343306171 168759.57396388944 0.877612039594072 23534.47665322262 67159.86030657234 192294.05061711208 67159.86030657234
32 173542.8888642818 0.6548811718077395 173542.88886428182 0.87837737903605 24029.240161549304 67426.92169543568 197572.12902583112 67426.92169543568
33 178026.43737992062 0.6589136103463344 178026.43737992062 0.8791005118553361 24483.326838276615 67671.99342731168 202509.76421819723 67671.99342731168
34 181802.67856316664 0.6624432316356299 181802.67856316664 0.8797210610090617 24856.780464260213 67783.19489520445 206659.45902742684 67783.19489520445
35 185327.72564682818 0.6654089960162557 185327.72564682816 0.8802274016557249 25217.555377397042 67971.73145436875 210545.2810242252 67971.73145436875
36 188382.9657533517 0.6676354022365271 188382.9657533517 0.8805337406409524 25558.825524544387 68222.64326569358 213941.79127789606 68222.64326569358
37 190981.84088709997 0.6698406470268351 190981.8408870999 0.8808940396221879 25822.714822019523 68310.77990808274 216804.55570911945 68310.77990808274
38 193132.9123069924 0.6712417093029028 193132.91230699237 0.8810244988443092 26081.096566013974 68510.82948300788 219214.00887300633 68510.82948300792
39 194874.16721031338 0.6723324787192209 194874.1672103134 0.8811131818185797 26293.976941271656 68679.770947719 221168.14415158506 68679.770947719
40 196809.8317615034 0.6738598244109018 196809.8317615034 0.8813339202598737 26499.208361984918 68754.41971188245 223309.04012348832 68754.41971188245
41 198446.94000813708 0.6759440895061415 198446.94000813705 0.8816375801606119 26642.081233431494 68495.82266634468 225089.02124156855 68495.82266634468
42 200124.38075085107 0.6778562456614274 200124.3807508511 0.8818815794141116 26804.47843204065 68302.44101052462 226928.85918289176 68302.44101052462
43 201473.2252982354 0.6799007036543899 201473.22529823537 0.8821032088424643 26927.741027029053 67926.45945226369 228400.96632526442 67926.45945226372
44 203068.76471712772 0.6818880120130163 203068.76471712772 0.8823621391859002 27073.43619879831 67661.48699118948 230142.20091592602 67661.48699118948
45 204471.3801317049 0.6836429297343435 204471.38013170485 0.8824693513276832 27232.281671479333 67387.2396578465 231703.6618031842 67387.23965784656
46 205918.56128178444 0.6854986083608321 205918.56128178458 0.8826136310717868 27386.8784174991 67086.94442849468 233305.43969928368 67086.9444284945
47 207324.1641009695 0.6876882294673388 207324.1641009695 0.8828207687930559 27518.707101994743 66637.00763916188 234842.87120296425 66637.00763916188
48 208564.6000263641 0.689250071066042 208564.6000263641 0.8828267786464349 27681.745316874036 66350.06890708413 236246.34534323812 66350.06890708413
49 209823.65437071858 0.6913026880685905 209823.6543707186 0.8829746181586292 27809.05902288782 65886.50907164754 237632.71339360642 65886.50907164754
50 211205.55781383027 0.6928611650028877 211205.5578138303 0.8829702836219596 27993.384360600965 65632.05208825051 239198.94217443126 65632.05208825051
51 212405.18948158133 0.6951178615380491 212405.1894815813 0.8831487630242429 28103.76934232484 65058.19925717673 240508.95882390614 65058.19925717674
52 213423.4933648432 0.6968417133001843 213423.4933648432 0.8832393487359513 28213.71819087425 64635.34545595643 241637.21155571745 64635.345455956434
53 214010.70804961224 0.6983609213297669 214010.7080496123 0.8833464413072191 28261.970077566024 64174.463333871616 242272.6781271783 64174.463333871616
54 214075.92721568677 0.6996452833611969 214075.92721568674 0.8834403095559799 28244.83277236729 63657.04377449707 242320.75998805402 63657.04377449707
55 213863.10647112195 0.7005242209771175 213863.10647112195 0.8834701706360172 28208.571305118297 63218.41793639288 242071.67777624025 63218.41793639288
56 213474.37648359584 0.7010172814807366 213474.37648359587 0.8834644263492276 28158.868859110044 62887.601893300445 241633.24534270592 62887.601893300445
57 212718.1204453152 0.7017413491845207 212718.1204453152 0.8835705311333404 28030.198958757057 62380.63358196826 240748.31940407224 62380.63358196826
58 211712.02303040138 0.701792092467816 211712.02303040138 0.8835622232690804 27899.876906980284 62061.523434954805 239611.89993738168 62061.523434954805
59 210218.23165495932 0.7020589932604046 210218.23165495935 0.8836058984037574 27691.26174557207 61521.51406893083 237909.4934005314 61521.51406893083
60 208777.1802599291 0.7019692601151666 208777.18025992907 0.8835845288797367 27507.15183971706 61132.08215427242 236284.33209964613 61132.08215427242
61 207112.24987447646 0.7018192962088323 207112.24987447643 0.8834937485436984 27311.876177200404 60683.533417475766 234424.12605167684 60683.53341747577
62 205591.88357517013 0.7017877906721932 205591.88357517018 0.8834606567524462 27120.10196011657 60242.50342532642 232711.98553528675 60242.50342532642
63 203977.64621318813 0.7018497021158692 203977.64621318813 0.8834634675156285 26906.42960127643 59744.59525037439 230884.07581446457 59744.59525037439
64 202336.25597368152 0.7019460443452352 202336.2559736815 0.8834834334927335 26684.740123293635 59229.44366783291 229020.9960969751 59229.44366783291
65 200670.06381257452 0.7021169451968508 200670.0638125745 0.8834929171143531 26462.55935321053 58674.55637225212 227132.62316578501 58674.55637225212
66 199100.00777212717 0.7018474551333418 199100.007772127 0.8833885669729615 26282.134600812482 58297.746064214836 225382.14237293947 58297.74606421497
67 197532.779869911 0.7012565711691062 197532.77986991097 0.8832258462844913 26116.449487315876 58034.80469124194 223649.22935722684 58034.80469124194
68 196042.48496915938 0.7012098414618245 196042.4849691594 0.8832031858608986 25925.10766137192 57609.89384693475 221967.59263053135 57609.89384693475
69 194488.93110922398 0.7011886538075635 194488.93110922395 0.8831819687374263 25724.952318740743 57156.4505800356 220213.8834279647 57156.4505800356
70 193170.28755739238 0.7013141128318252 193170.28755739238 0.883245606031601 25534.777305937503 56735.40328494839 218705.06486332987 56735.40328494839
71 191737.94282236297 0.7013024720400279 191737.942822363 0.8832275702069329 25349.871564409823 56314.8192366536 217087.8143867728 56314.81923665355
72 190351.87273419212 0.7016489716994092 190351.87273419215 0.8833160004319538 25145.041893310838 55795.25626124743 215496.914627503 55795.25626124741
73 188984.07521727993 0.7013909687093056 188984.07521727993 0.8832600500863365 24977.911627712347 55479.856076149146 213961.98684499227 55479.856076149146
74 187452.58201274986 0.7013516478460835 187452.58201274986 0.8832417855250432 24779.88375687927 55040.8522420049 212232.46576962914 55040.8522420049
75 186032.79018855366 0.7013541775033115 186032.79018855368 0.8832610783576889 24587.596859925703 54627.60912200795 210620.38704847937 54627.60912200795
76 184565.22125560956 0.7019201959970398 184565.22125560956 0.883373234997802 24367.100829141844 54010.99014384832 208932.32208475142 54010.99014384832
77 183089.4329479239 0.7020816771193701 183089.4329479239 0.883403682708603 24165.117300897335 53526.266164358676 207254.55024882124 53526.266164358676
78 181750.3968404243 0.7020563166401554 181750.39684042375 0.883408017257387 23987.374710125263 53145.15925225368 205737.77155054902 53145.15925225422
79 180348.64398129133 0.7019763357954144 180348.64398129133 0.8833806901836811 23808.687037333828 52758.22978434264 204157.33101862515 52758.22978434264
80 177438.19197738823 0.7077120307997058 177438.19197738823 0.8847350728668871 23116.976930315628 50165.72356728383 200555.16890770386 50165.72356728383
81 174325.29576065156 0.7132311769365272 174325.29576065153 0.8859554081867649 22440.020134234546 47650.942672797566 196765.31589488607 47650.94267279759
82 171032.04015903466 0.718559175482834 171032.04015903466 0.8870737029790299 21772.728581898024 45216.04568135914 192804.7687409327 45216.04568135914
83 167533.89150245255 0.7236680510851267 167533.89150245255 0.888072563452917 21114.98517386729 42857.67007704121 188648.87667631984 42857.67007704121
84 163846.2496878655 0.7285706285204457 163846.2496878655 0.8889690551614283 20464.15879773987 40576.84784065966 184310.40848560535 40576.84784065966
85 160020.8381355041 0.733315862825538 160020.83813550413 0.8897754007527746 19823.24161779325 38371.35270568165 179844.07975329738 38371.35270568165
86 156100.0414083521 0.7379421078391194 156100.0414083521 0.890501698993394 19194.448860228622 36239.77475046312 175294.4902685807 36239.774750463126
87 152081.94020532802 0.742441974213375 152081.94020532805 0.8911537155161486 18575.41952664983 34182.81025768418 170657.35973197786 34182.81025768418
88 147962.84240069054 0.7468021669556185 147962.84240069054 0.891740710581804 17963.015469086647 32202.708098194587 165925.8578697772 32202.708098194587
89 143744.32567737292 0.7510338521764056 143744.3256773729 0.8922751096215397 17354.33562938747 30296.607043420096 161098.66130676036 30296.607043420103
90 139436.67804731563 0.7551292785271889 139436.6780473156 0.8927485292174074 16751.401220143096 28464.644461217507 156188.0792674587 28464.644461217547
91 135037.3192532893 0.7590844450516943 135037.31925328926 0.8931740390405694 16150.818053459805 26706.852023579147 151188.13730674906 26706.85202357917
92 130602.0921891011 0.7629565422381592 130602.0921891011 0.893565341409843 15556.320784974952 25020.527055686813 146158.41297407605 25020.52705568682
93 126143.60261447068 0.7667607019008873 126143.60261447067 0.8939076812622303 14971.196216154982 23400.156489523495 141114.79883062566 23400.156489523495
94 121663.76088465237 0.7704942159483289 121663.76088465238 0.8942057604879675 14394.142408500798 21845.632341968867 136057.90329315318 21845.632341968867
95 117217.67862452532 0.7742225899661487 117217.67862452532 0.8944727279974531 13828.998323303413 20353.811934380738 131046.67694782873 20353.81193438074
96 112827.8010355562 0.7779590770897614 112827.8010355562 0.8947099375848779 13277.650905791697 18925.0571924096 126105.4519413479 18925.0571924096
97 108475.87252568621 0.7816814462240885 108475.87252568621 0.8949206699570703 12736.96361418062 17559.64342924512 121212.83613986683 17559.64342924512
98 104163.19039306733 0.7853795585783989 104163.19039306733 0.8951093701000539 12206.042096839616 16258.60236437828 116369.23248990695 16258.602364378281
99 99912.50288551606 0.7890776489680036 99912.50288551606 0.8952640818434066 11688.649122939107 15018.202900642551 111601.15200845517 15018.202900642551
100 95683.04392481704 0.7927109624641895 95683.04392481704 0.8953997934736835 11177.650730490865 13842.876325192434 106860.6946553079 13842.876325192434
101 91489.14355215682 0.7963243184436274 91489.14355215682 0.8955416584881135 10671.535055036251 12728.621434487664 102160.67860719307 12728.621434487664
102 87316.48125731037 0.7998789907810021 87316.48125731037 0.8956878637577271 10168.909346272078 11676.722995694028 97485.39060358245 11676.722995694028
103 83113.64214728483 0.8032829539004803 83113.64214728483 0.8957930430796602 9668.549888441648 10685.262045941834 92782.19203572648 10685.262045941834
104 78921.01985172552 0.8065833831654405 78921.01985172552 0.8958781489247747 9172.45574698827 9752.601445422159 88093.47559871379 9752.601445422159
105 74727.06133969978 0.8097272681562641 74727.06133969978 0.895922932173717 8680.85094399921 8878.792485243886 83407.91228369898 8878.792485243886
106 70565.95494759867 0.812741891606137 70565.95494759867 0.8959358725613815 8196.328279055057 8062.274085319612 78762.28322665373 8062.274085319612
107 66423.99235079203 0.8155967818122138 66423.99235079203 0.8959216046786109 7716.41458204441 7301.788318598157 74140.40693283644 7301.788318598157
108 62318.74498580989 0.818243413324064 62318.7449858099 0.8958669038726336 7243.758904466451 6599.11742072668 69562.50389027635 6599.11742072668
109 58240.81559912536 0.8206464364588387 58240.815599125366 0.8957399540255647 6778.965351120328 5949.656083368425 65019.780950245695 5949.656083368425
110 54174.15723513384 0.8226793179565149 54174.157235133825 0.8955386758882005 6319.218086042089 5357.504909652202 60493.37532117592 5357.504909652215
111 50167.69667408972 0.8244085041928195 50167.69667408972 0.8952917588113968 5867.328981338107 4817.93306460508 56035.025655427824 4817.93306460508
112 46407.476453042385 0.8263428077315991 46407.476453042385 0.8950347747812741 5442.4379420528285 4310.163503369178 51849.91439509521 4310.163503369178
113 42913.1384615964 0.8285680351567344 42913.1384615964 0.894788476731509 5045.836846567917 3832.955638675576 47958.975308164314 3832.955638675576
114 39669.972315385254 0.831093763791501 39669.972315385254 0.8945497143146649 4676.330277509018 3385.943807810731 44346.30259289427 3385.9438078107314
115 36665.19966051608 0.8339256643628605 36665.19966051608 0.8943088616123632 4333.163695083272 2968.62462351409 40998.36335559935 2968.62462351409
116 33932.78755553362 0.8371870894153133 33932.78755553362 0.89411614138678 4018.4203299471715 2580.6970907797577 37951.20788548079 2580.6970907797577
117 31453.455080562147 0.8409315188436615 31453.455080562147 0.8939930016287492 3729.6559988956137 2220.0000844724564 35183.11107945776 2220.0000844724564
118 29243.00637392228 0.8451611056916485 29243.00637392228 0.8939538934837744 3468.97864799099 1888.526261661345 32711.985021913268 1888.526261661345
119 27242.450626171976 0.849723162670977 27242.450626171976 0.8940086253450463 3229.7952267778624 1588.1378378270836 30472.24585294984 1588.1378378270836
120 25280.891624682907 0.8543423516087084 25280.891624682907 0.8940672412422125 2995.3838706117917 1314.7796327573385 28276.2754952947 1314.7796327573385
121 23338.351914563053 0.8589337067726571 23338.351914563053 0.8940973051441029 2764.346058339993 1068.6095803354663 26102.697972903046 1068.6095803354663
122 21412.18789248777 0.863459721533384 21412.18789248777 0.8940945266696951 2536.2730965795126 849.6707112310371 23948.460989067284 849.6707112310371
123 19525.57165307181 0.8680270863198511 19525.57165307181 0.8941293381943584 2311.9532093855096 656.6714141287064 21837.524862457318 656.6714141287065
124 17672.340559234228 0.8725772827081054 17672.34055923423 0.8941368441606806 2092.3528147684065 488.34427601143153 19764.693374002636 488.34427601143153
125 15823.027960862668 0.876960780701862 15823.027960862668 0.8941587933978725 1872.9652762378012 347.0348082346384 17695.99323710047 347.0348082346384
126 14012.052786054446 0.8812290888278876 14012.052786054446 0.8942009412976195 1657.8622620340282 230.66399962738197 15669.915048088475 230.66399962738197
127 12250.273782210921 0.8852369851806214 12250.273782210921 0.8942712970832835 1448.3362728874401 139.8015649396423 13698.610055098361 139.8015649396423
128 10528.375340218818 0.8889840050427947 10528.375340218818 0.8942505145562296 1245.0317407304244 69.74789202689428 11773.407080949242 69.74789202689428
129 8847.935448738883 0.8922397289376064 8847.935448738883 0.8943253933714521 1045.4831149269605 23.126465408525135 9893.418563665844 23.126465408525135
130 7197.952801768455 0.8944196743475206 7197.952801768455 0.8944196743475206 849.6707112310371 0.0 8047.623512999492 0
NEW METHOD DELTA 2
1 3022.2883023625473 0.041931778979031976 -2058.2856644128187 -1.591647151704698 3351.465287929462 65702.56599237691 1293.1796235166432 70783.13995915228
2 -1838.9514778440207 -0.017699618194791045 -2959.942531693238 -1.3434640769792912 5163.159262540641 100573.5971061015 2203.216730847403 101694.58815995073
3 -309.50349672869197 -0.0022217160284276087 -3633.6668773579336 -1.116443620653791 6888.3470153751605 132729.46265932135 3254.680138017227 136053.62603995058
4 4416.812778699299 0.025821525919500897 -3965.8355835586426 -0.9185330261758168 8283.410967940674 158351.35517510143 4317.575384382031 166734.00353735936
5 -3137.981699875556 -0.01584010540615337 -4723.3425147918815 -0.8759568118878692 10115.551868826238 191126.01685999363 5392.209354034357 192711.37767490995
6 115.97302401313209 0.0004999519259564659 -5189.82143987062 -0.7850771918263356 11800.408900445636 220051.96941504706 6610.587460575016 225357.76387893083
7 5951.368025477306 0.02256981090829287 -5282.907892877939 -0.665715706551608 13218.58950724645 244517.14421834066 7935.681614368511 255751.42013669593
8 -2859.2141156556318 -0.009918239366217522 -5748.767333452608 -0.6147225765277219 15100.575047958044 276037.0330530646 9351.807714505436 278926.5862708616
9 835.1107888516271 0.0025912766671683293 -5967.975768278078 -0.5487639656543134 16843.28125806588 304599.34827797476 10875.305489787801 311402.4348351045
10 7623.475987347425 0.02156052074760195 -5824.034685610899 -0.46832905783900025 18259.809464320137 327701.68017098977 12435.774778709238 341149.1908439481
11 -2105.420088593324 -0.005612650788864396 -6229.559296443087 -0.44791612443557527 20137.42944577748 357088.4404613787 13907.870149334394 361212.5796692285
12 1821.6201946854126 0.004475681484421462 -6387.179676058009 -0.41223671308187654 21881.140969091648 383301.22270458797 15493.961293033639 391510.0225753314
13 8337.02636204823 0.019294675514775945 -5990.127210234274 -0.3505662101721819 23077.13399075713 400675.32234741934 17087.006780522857 415002.4759197018
14 -2049.1817049089586 -0.004547429906058108 -6364.780523847727 -0.34194113548611765 24978.45364860732 427694.8711968103 18613.673124759593 432010.47001574904
15 1505.8608874219935 0.003137101790618676 -6568.352951999299 -0.3263236350186238 26696.692572953914 451814.03125013126 20128.339620954615 459888.2450895526
16 7842.761106918508 0.015522073738220853 -6225.390366804648 -0.28643689095353286 27959.28904892154 469462.9833175448 21733.89868211689 483531.134791268
17 -1856.3839222815004 -0.0035541343282379473 -6516.350722109026 -0.27929673784315673 29847.631897932784 494325.51071642945 23331.28117582376 498985.477516257
18 2360.2370923708077 0.004313342556343656 -6490.286535677871 -0.2600689595804287 31446.30799302019 513387.90134214674 24956.021457342318 522238.42497019534
19 9255.74824406358 0.016233210707042485 -6025.583709289531 -0.22655219827973175 32622.47288115948 528295.3823042045 26596.88917186995 543576.7142575576
20 -563.6283023471478 -0.0009693504855360919 -6205.347847397057 -0.22038053114730144 34362.7708969378 547650.3029436116 28157.423049540743 553292.0224886616
21 1999.380509977229 0.0033032817752952164 -6284.245233646998 -0.2109542011625337 36073.86401827211 567197.7090217374 29789.61878462511 575481.3347653617
22 9981.578014594154 0.015981257737646724 -5654.943855318965 -0.18003114950875765 37065.862858776636 577532.8129749077 31410.91900345767 593169.3348448208
23 929.7044827811187 0.0014650039493951468 -5766.964671492766 -0.17456981225469873 38802.2563809134 594876.8967881664 33035.291709420635 601573.5659424403
24 2493.144018238643 0.0038178302897986026 -5735.377285203875 -0.16540528469870325 40410.06918305494 610123.1994447649 34674.691897851066 618351.7207482074
25 10212.069154992001 0.01527624936538808 -5008.45714712183 -0.13806585597568122 41284.313416785015 616996.839208815 36275.856269663185 632217.3655109288
26 2111.7687862144085 0.003112301445874933 -5191.924166733479 -0.13706501175178726 43071.20568706487 633340.2415260456 37879.28152033139 640643.9344789935
27 3073.9785079283174 0.004426637917157058 -5180.854956569572 -0.1312036120176064 44667.99160547787 646685.3956338547 39487.1366489083 654940.2290983526
28 10151.125134507893 0.014321095300805714 -4520.792079822582 -0.11014431794264126 45565.0525942581 653107.0596905663 41044.26051443552 667778.9769048968
29 3075.630232680589 0.004301591720244376 -4584.237683508567 -0.10753413460626093 47214.772632191365 664707.7728582905 42630.5349486828 672367.6407744797
30 3680.15443416941 0.005067166868447648 -4586.8677603151955 -0.10394608847410441 48714.24020548325 673880.1745056977 44127.372445168054 682147.1967001823
31 9731.099658631487 0.01321205646170592 -3931.4132082073265 -0.0862740810881924 49500.29274444368 677300.4023887723 45568.87953623635 690962.9152556111
32 3953.6021184648853 0.005342163193242381 -4027.5044020154455 -0.0856501446614308 51050.24345208824 685071.2841944888 47022.73905007279 693052.3907149691
33 4708.223272144212 0.006290007671856068 -3998.2019424850514 -0.0824332814035818 52500.48008073378 691315.5461819243 48502.27813824873 700021.9713965536
34 9457.11832730705 0.012522689672173851 -3195.8372425564667 -0.06392384495395646 53190.28367891191 692551.2473958596 49994.44643635544 705204.202965723
35 4379.654247255181 0.005783486798049332 -3286.1367819652296 -0.06389323692935334 54717.82094595126 698171.3489929853 51431.68416398603 705837.1400222058
36 5824.746292288415 0.007614585259373906 -3338.556270442641 -0.06319493476163832 56168.04779591328 702953.173929936 52829.491525470636 712116.4764926671
37 9789.467553167604 0.012738148335205726 -2528.6799057030585 -0.04661931303353905 56769.71738911397 701956.5596978911 54241.03748341091 714274.7071567618
38 4858.369228650117 0.006308556343353409 -2737.87315501149 -0.049642345000496364 57889.843816029104 707375.5623843562 55151.970661017614 714971.8047680178
39 5952.617385290796 0.00768310075042625 -2770.3817404297297 -0.04980199612744263 58398.30744325418 710416.6564713034 55627.925702824454 719139.6555970239
40 9247.562866591383 0.011886002451847988 -2440.758560129543 -0.043484412774282215 58570.26346569124 710203.4557644251 56129.5049055617 721891.777191146
41 6654.685202095541 0.008565509329728481 -2419.4633559895883 -0.04272145162106894 59052.91714051365 711208.8594723344 56633.45378452406 720283.0080304195
42 6291.664524835651 0.008088964840212596 -2403.539665782322 -0.04204612095982041 59567.901345642465 711948.800109549 57164.36167986014 720644.004300167
43 8199.185942755663 0.010556881866649135 -2059.709725706831 -0.03576146966834479 59655.48934015699 708812.7201019113 57595.77961445016 719071.6157703738
44 6787.545283687417 0.008756097588836526 -1988.278619628676 -0.03425589975898438 60030.21106389925 708361.5075680087 58041.93244427058 717137.3314713248
45 7401.339145977283 0.009543990973907042 -2045.7643947185934 -0.03501335214945284 60473.88592922191 707622.0659650272 58428.12153450332 717069.169505723
46 7883.164605335332 0.010188413897755762 -1740.4916666331774 -0.029589002650375763 60562.740162091475 705292.2535411775 58822.2484954583 714915.909813146
47 6082.984827494598 0.007889804095115364 -1752.4366567666584 -0.029582895291350848 60990.60923952323 703919.5451999785 59238.172582756575 711754.9666842397
48 8176.03767678258 0.010600572939353087 -1724.5259136911409 -0.028920622742811833 61354.151770201046 701752.4311772496 59629.625856509905 711652.9947677234
49 7690.031449480564 0.010015564783282117 -1408.7995125198213 -0.023468015005882754 61439.42043067911 698678.6164493158 60030.620918159286 707777.4474113162
50 5935.719528175658 0.007741230596426515 -1576.1740802251516 -0.026084395145817136 62002.11347479474 698829.085284632 60425.93939456959 706340.9788930329
51 8245.918927600025 0.010784465748502553 -1489.7508437242504 -0.02452546287592184 62232.77743862007 694132.0984471428 60743.02659489582 703867.768218467
52 7335.175539897988 0.009642816214771461 -1279.1867360030883 -0.020937642194690895 62374.2577143126 690978.6662100841 61095.07097830951 699593.0284859852
53 6226.604611960589 0.008217021729180346 -1354.193846019305 -0.022021732679347327 62847.7132587452 688694.715384814 61493.519412725895 696275.5138427938
54 8248.093230247381 0.010935349292517157 -1204.716735348571 -0.01948377280846485 63036.516315005654 682975.0862004868 61831.79957965708 692427.8961660827
55 7344.704757764703 0.009800701894028721 -992.7806153762285 -0.015977338968762755 63129.57431532907 678931.7162505283 62136.79369995284 687269.2016236692
56 6858.836758824997 0.009186436745576048 -1152.50581213212 -0.01845597665475088 63598.71679796176 676168.9076908821 62446.21098582964 684180.2502618392
57 8100.4951072999975 0.010915067615435696 -1031.6569036928631 -0.016436087108237046 63799.44931675703 670238.8487286825 62767.79241306417 679371.0007396754
58 7044.185981589952 0.009548248365739326 -911.755635883419 -0.014518162323997143 63712.79171304407 666989.4352354738 62801.03607716065 674945.3768529472
59 7302.122338875546 0.00997044725792585 -927.5307508703263 -0.014868752592003003 63308.73893434556 661765.7463128468 62381.20818347523 669995.3994025927
60 8028.651313986513 0.011030993609804925 -819.7643654974672 -0.013242490389823558 62723.858034119694 657074.1577664706 61904.09366862223 665922.5734459546
61 6686.239403304062 0.009263675342807157 -865.9215822956467 -0.014089020147457741 62326.66003200933 652756.7174690223 61460.73844971368 660308.878454622
62 7128.505506546819 0.009944335976256225 -899.9355552940033 -0.01474253807330207 61943.39705557239 647768.872283715 61043.46150027839 655797.3133455558
63 7477.453077058191 0.010515627612609576 -781.1608266844996 -0.012889632468092875 61384.97002125951 642217.6334160243 60603.80919457501 650476.2473197669
64 6783.859881159733 0.009622478379081374 -816.369122370641 -0.013568939736278832 60980.91684955536 637236.5351877811 60164.54772718472 644836.7641913114
65 7160.4527100875275 0.010244011537847014 -836.9966155662478 -0.014023884525472641 60520.64660897197 631308.0304405934 59683.64999340572 639305.4797662472
66 6204.564839269966 0.00894779090735171 -888.3008625037837 -0.015008765145095132 60073.77374559974 627140.2832307287 59185.47288309596 634233.1489325025
67 6115.2143856654875 0.00886610744919571 -1023.3600142066498 -0.01744313415427953 59691.71658105544 623922.402983572 58668.35656684879 631060.9773834441
68 6918.83113013627 0.01010598296506522 -1023.501345265584 -0.017585840567242644 59223.809789552986 618484.5897073138 58200.3084442874 626426.9221827156
69 6646.755388206919 0.009786462963748594 -970.3384338973992 -0.016807777176229555 58701.85306092988 613829.9071011795 57731.514627032484 621447.0009232839
70 6123.9254933880875 0.009086341270221135 -991.1153786590803 -0.01730443369868426 58266.34298315674 609580.1791730677 57275.22760449766 616695.2200451149
71 6346.910930121085 0.009485713811090458 -1064.115522966531 -0.018718176162263265 57913.432130630405 604841.7463044617 56849.31660766387 612252.7727575493
72 6352.167195086717 0.009576574723951285 -949.0682016428909 -0.0168022264551427 57433.73731240869 599516.7248971252 56484.6691107658 606817.9602938548
73 6435.185388364713 0.009759831967765102 -998.1958518337924 -0.017793825499141606 57096.073842260674 595822.8576864409 56097.87799042688 603256.2389266394
74 6732.650056081242 0.010290914867104841 -956.1093479660994 -0.017176908008352424 56618.59222912159 590881.1698011435 55662.48288115549 598569.9292051909
75 6139.508796332637 0.009461201233862808 -872.3398681245963 -0.015782394432586173 56145.31329752144 586629.4800730395 55272.97342939684 593641.3287374967
76 6642.550176573801 0.010323440310522151 -875.1032532336321 -0.015943712497021544 55762.147496982434 581038.7646578326 54887.0442437488 588556.4180876401
77 6555.185275363736 0.010284831316929742 -838.7558082598116 -0.015409684274508709 55269.19015838557 575540.0181439384 54430.43435012576 582933.959227562
78 5390.486993252998 0.008523963354289925 -884.3055103381703 -0.016382374050396335 54863.387395406986 572138.2147373549 53979.081885068816 578413.007240946
79 6537.003634819412 0.010400500565753026 -932.0501953472558 -0.017417183516802142 54445.305909057715 567545.480391983 53513.25571371046 575014.5342221496
80 5512.639518645708 0.009136939705364349 -310.1861039816649 -0.005877517848530402 53085.20303723062 544737.595392697 52775.01693324895 550560.4210153244
81 4427.86535185395 0.007641597085593623 278.68034269938653 0.005357118115688102 51741.89054657829 523272.64367555414 52020.570889277675 527421.8286847087
82 7913.633039375418 0.014170099724277052 812.1644510448459 0.01585448464231632 50414.00084966402 500146.4201655918 51226.16530070887 507247.8887539224
83 6358.707654435188 0.01191258807982277 1233.7285994290141 0.024515033595901053 49091.660293176676 478330.1683915402 50325.38889260569 483455.1474465463
84 3368.2039630373474 0.006596352937321002 1514.4921971615186 0.030696026798069768 47823.88658144813 459424.00217254355 49338.37877860965 461277.7139384194
85 7968.879843142582 0.01621589381189606 1862.7386845457731 0.0385675230674227 46435.3768384393 437019.77060802537 48298.11552298507 443125.9117666222
86 6119.4063041412155 0.013092520341087755 2174.961309919345 0.04606445637113741 45040.646585154165 416237.0673532386 47215.60789507351 420181.51234746043
87 2464.1595415554475 0.0055301042375583065 2245.0006985229556 0.04867606919944209 43876.23989147701 399249.67187517893 46121.240589999965 399468.8307182114
88 7796.919729602174 0.01821802022070066 2500.9996050787595 0.05554738240306043 42523.61716139851 377657.8951859786 45024.61676647727 382953.815310502
89 5335.230681120011 0.013179785456394944 2715.579421290655 0.061852479891150086 41188.552249252156 358280.278468921 43904.13167054281 360899.9297287504
90 1817.5629789280356 0.004723747870769796 2642.761485495241 0.061845304280795516 40089.0435598214 342864.7717507189 42731.80504531664 342039.57324415166
91 7756.947547859745 0.02104110360062177 2843.513918807228 0.06848442625482831 38677.078050914555 322222.85167787794 41520.59196972178 327136.2853069305
92 4781.047914553259 0.013785362296452863 2889.764119870124 0.07166636360014138 37432.69644187133 304606.87680225755 40322.460561741456 306498.1605969407
93 965.0478478382574 0.0029413103523812214 2754.6255434982595 0.07043025461421386 36356.76995814935 290779.5153488002 39111.39550164761 288989.9376531402
94 7387.003410514677 0.02353409545135395 2939.960416053931 0.07768019445427993 34907.01508018144 271591.14551673096 37846.97549623537 276038.1885111917
95 4470.290536248387 0.015233037075688753 2929.944680431043 0.08013514670899467 33632.597484381324 255357.34016871615 36562.54216481237 256897.68602453347
96 162.91524598517572 0.0005898428491741014 2699.491672324668 0.07650137594543589 32587.346491868124 243450.84201934206 35286.83816419279 240914.26559300255
97 6888.146577029693 0.026112647935241942 2892.428069793503 0.08508741107520276 31101.179600759424 225796.5064237897 33993.60767055293 229792.22493102588
98 4411.421930921759 0.017981899797964204 2880.187661458116 0.08807337291633295 29821.951090446022 211092.31450254953 32702.13875190414 212623.5487720132
99 -187.74029119705665 -0.0008176682240833913 2564.2662659091257 0.08154181942903306 28882.98722762913 200909.23770342796 31447.253493538257 198157.23114632178
100 6008.371168046637 0.027481674083513593 2698.5212576535923 0.08929010798440205 27523.429623232256 185100.1191488201 30221.950880885848 188409.96905921312
101 3941.698560515826 0.01950380720092731 2686.5356481713716 0.09250113067228821 26356.737970712213 171800.49317560464 29043.273618883584 173055.65608794912
102 -390.3454984081036 -0.002076089139078099 2357.4929847071944 0.08451454387646377 25537.031159600778 162872.93789959484 27894.524144307972 160125.09941647953
103 5303.596038942895 0.029735469148354225 2519.300427813185 0.09425450171227566 24209.400929111736 148846.25515884292 26728.70135692492 151630.55076997261
104 3631.411830527999 0.022175679018040982 2522.395474720739 0.09872150271846979 23028.223238144787 137096.87617834113 25550.618712865526 138205.8925341484
105 -390.7977663099591 -0.002583961944849975 2140.8966461904274 0.08780671642867133 22241.026892990743 129389.5238769761 24381.92353918117 126857.82946447571
106 4521.647652551939 0.031680274505100255 2270.1291129427445 0.09787738958869467 20923.471804310935 117282.42072982308 23193.60091725368 119533.93926943227
107 3226.202870816589 0.024800913785491575 2267.7838769104856 0.10304932695311042 19738.996215329946 107118.833249142 22006.78009224043 108077.2522430481
108 -405.25213022428215 -0.003401801362510662 1871.6634267571972 0.08978246919518298 18974.983402350237 100558.95586708734 20846.646829107434 98282.04031010586
109 3773.520235368065 0.03373709588010445 1990.7237041170374 0.10123291441289944 17674.063343279995 90403.18889976783 19664.787047397032 92185.98543101885
110 2795.2466009301716 0.027654547192094273 1994.6293758568172 0.1078026002075206 16507.97976359942 81774.06054650908 18502.609139456235 82574.67777158243
111 -386.7962466520112 -0.004213503954541036 1557.84640442005 0.08976654133945652 15796.575200495956 76389.41023052784 17354.421604916006 74444.76757945577
112 3062.9975773117185 0.03576693978243435 1679.8113396769622 0.10356786389235796 14539.615001131364 68035.06277045551 16219.426340808326 69418.24900809026
113 2321.216022133325 0.03023755983093233 1682.1073422399713 0.11129157082234829 13432.310846043789 61012.456733408835 15114.41818828376 61651.56541330218
114 -285.88929791472765 -0.004135390417935496 1249.5844517305286 0.08929543974146653 12744.237129174386 56674.01187891535 13993.821580904914 55138.53812927009
115 2346.305215225868 0.03666223879298533 1369.492370649159 0.10627626823311787 11516.661738988623 50134.903674318746 12886.154109637782 51111.71651889545
116 1826.2710970514454 0.03205963685045708 1346.2213555934613 0.11430433185236072 10431.296904451885 44707.24122481852 11777.518260045346 45187.2909662765
117 -184.50220525537588 -0.0036228607384470955 932.4596487615054 0.08730869629994571 9747.572103838209 41364.144415059534 10680.031752599714 40247.18256104265
118 1765.6128843342594 0.037603912421515895 1015.431177250779 0.1029938038539013 8843.717036084343 36343.57393019312 9859.148213335122 37093.7556372766
119 1411.9049385135804 0.03389188345828757 997.8325532250783 0.10754393476145102 8280.538704423476 31966.643856619652 9278.371257648554 32380.716241908154
120 -126.41509802415385 -0.0034196427489805417 789.0642608553335 0.09053247488917172 7926.7502777540685 29167.005359523933 8715.814538609402 28251.526000644448
121 1392.1746481943192 0.04122166067229511 839.2495490355595 0.10292733537857514 7314.556686681427 25066.159555228383 8153.8062357169865 25619.08465438714
122 1164.471965900164 0.039586349143231295 833.7603386208284 0.10972368825751648 6764.966534869161 21486.559465773953 7598.726873489989 21817.27109305329
123 -58.8619295117569 -0.002302872324131674 634.640255885899 0.0897537924906754 6436.261577614143 19182.823076772955 7070.901833500042 18489.3208913753
124 1078.5987916526901 0.047108880207828184 672.5046088314975 0.10285625962895903 5865.790787651643 15951.48030540282 6538.29539648314 16357.574488224014
125 909.437762597463 0.046881234970733945 664.9965825454838 0.11140526564959602 5304.1699435422815 13185.150947833175 5969.166526087765 13429.592127885155
126 -30.190580153470364 -0.0018490763935884644 483.1880340541711 0.0890925595301258 4940.25065266114 11417.323835563391 5423.438686715311 10903.94522135575
127 787.5290816201741 0.055393006081546854 507.4626752860413 0.10337766023571328 4401.360702307981 9028.231425576392 4908.8233775940225 9308.297831910524
128 666.3944222279533 0.057595061403190734 498.59012432246254 0.11362582512386979 3889.409908055053 7014.535313300314 4388.000032377516 7182.339611205804
129 -14.238336351481848 -0.0015319824838958497 336.2805449991629 0.08647782759797555 3552.3525802741556 5755.945251636042 3888.6331252733185 5405.426370285396
130 535.0311043832735 0.06932815904547979 357.1899300689756 0.10459566367811951 3057.769328358643 4124.570282846956 3414.959258427619 4302.411457161254
131 460.7225098704421 0.0785391777949862 347.25420315971223 0.11854227307768803 2582.116004986501 2823.310365299194 2929.3702081462134 2936.7786720099243
132 -5.525503077735721 -0.0012859319834831928 199.68420856527018 0.08171999736378556 2243.832862003809 2058.5785951574685 2443.5170705690794 1853.3688835144626
133 293.24320576534933 0.09078675527960274 213.81163052140255 0.10843566113030773 1757.9717135619055 1178.8069584480481 1971.783344083308 1258.238533691995
134 262.9315122664408 0.12424111094560493 201.17184292203706 0.13174916212181562 1325.7588766527338 527.6100068617123 1526.9307195747708 589.369676206116
135 -3.1475160031500877 -0.0025077990032515347 64.63748116209104 0.058567971778019035 1038.9944050004742 219.24412869154008 1103.6318861625653 151.45913152629885
136 72.84678822206911 0.1100044957126992 72.84678822206911 0.1100044957126992 589.369676206116 0.0 662.2164644281851 0
NEW METHOD DELTA 8
1 6409.403624956525 0.08493389723119618 -4784.714420065864 -0.5744636929742111 13113.725423865995 55940.305856438776 8329.011003800131 67134.42390146117
2 692.9288969649206 0.00651067317577443 -6967.682392185328 -0.5264627995767284 20202.58217577362 85534.17419287121 13234.899783588291 93194.78548202147
3 3724.035210164395 0.025980098227113717 -8630.148258491285 -0.47100581368093686 26952.95449106449 112664.85518363243 18322.806232573206 125019.0386522881
4 9693.96367118627 0.05497665457806705 -9085.61576358628 -0.3895060891390006 32411.60736405123 134223.15877899312 23325.99160046495 153002.73821376567
5 2690.058019685297 0.013190980048438616 -10872.427801541766 -0.37872411860660454 39580.46953266631 161661.09919616376 28708.041731124547 175223.58501739084
6 6646.104694571666 0.02786644430896134 -11809.385512980021 -0.3436592410011228 46173.03445365099 185679.34386183973 34363.648940670966 204134.83406939142
7 12754.755515387864 0.0471541737056221 -11490.521394011681 -0.28560923208433386 51722.13894417124 206013.5947814206 40231.61755015956 230258.87169082017
8 5012.78129922229 0.016926472085260897 -12779.067171031522 -0.2759642404082077 59086.034885865374 232051.57321515132 46306.96771483385 249843.42168540516
9 8903.21301370053 0.02695118832125095 -13259.99597324033 -0.25187589597610455 65904.95400645485 255537.675529591 52644.95803321452 277700.8845165319
10 15845.934576784202 0.04379659873285319 -12297.875244999901 -0.2079109711179227 71447.59292884837 274513.89670645987 59149.717683848474 302657.70652824396
11 6954.282876346959 0.018101619320939247 -13352.873288299379 -0.20404279205292566 78794.40716436907 298431.4627427709 65441.53387606969 318738.6189074172
12 11082.01384766493 0.026622537132900817 -13625.928873773082 -0.18927180089616513 85617.25990806853 319565.10376557696 71991.33103429545 344273.046487015
13 18000.26562039589 0.040747379078024816 -11992.606093378708 -0.15315371648590956 90296.98138734719 333455.4749508451 78304.37529396848 363448.34666461975
14 8139.228322947689 0.017662774737765834 -13069.988255687596 -0.15437017051346544 97736.52850899077 354936.79633643315 84666.54025330317 376146.0129150684
15 12083.851904548646 0.024631034467976497 -13419.50577250353 -0.14740197154824475 104459.71121582975 374051.0126072145 91040.20544332622 399554.3702842667
16 19503.966510644415 0.03773065680127231 -11684.888843183857 -0.11958113552604349 109400.04091781031 388022.23144864663 97715.15207462646 419211.08680247486
17 11080.325122058915 0.02070108049727664 -12640.217652993684 -0.12136714603360428 116788.81194797567 407384.330666425 104148.59429498199 431104.87344147754
18 14841.28108339262 0.026517654136136656 -12340.208263308858 -0.11147034489666664 123044.16521928912 421790.0441159001 110703.95695598026 448971.5334626016
19 22526.972040701017 0.038610286679208634 -10287.799044397936 -0.08766130054637349 127646.30251487307 433271.5526705245 117358.50347047513 466086.3237556235
20 14509.867459678964 0.024324072814453177 -10878.800131878103 -0.08803256472952235 134455.79877213037 447557.2750684367 123576.99864025226 472945.94265999383
21 17068.265676704585 0.02751437939567281 -10764.201333872494 -0.08255590058646255 141151.02114209344 462120.5518980045 130386.81980822094 489953.0189085816
22 25610.26611684251 0.04000298096245735 -8047.772988158133 -0.0587493976940686 145032.54736943904 469566.12846426084 136984.7743812809 503224.1675692615
23 17808.198322864657 0.027334680070278075 -8547.834829070023 -0.05965870040766065 151826.76599352452 481852.38717553904 143278.9311644545 508208.4203274737
24 19157.001146304712 0.028605763008567493 -8453.762957895378 -0.05648490572105176 158117.8696777316 492415.3989501748 149664.1067198362 520026.16305437486
25 27251.74948508665 0.0397526499474847 -5728.981924131454 -0.03676910616964443 161538.64174287202 496742.51088265824 155809.65981874056 529723.2422918763
26 21024.799715996603 0.03014583742753991 -6280.152691836585 -0.03870657039371955 168530.45355692148 507880.99365612795 162250.3008650849 535185.9460639611
27 21348.442242308112 0.029954240832855934 -6338.029022258095 -0.03762772888716222 174778.41088172494 516574.9763575417 168440.38185946684 544261.4476221079
28 28312.561965232773 0.038945197839889825 -3674.084328680561 -0.021041133017958916 178288.46110889845 520383.6511758344 174614.3767802179 552370.2974697478
29 22826.122181226383 0.03106657172113013 -4103.936852001934 -0.022718920777659624 184743.54082639015 527179.0046640419 180639.6039743882 554109.0636972702
30 23589.366384273046 0.03161334644615363 -4164.161855433165 -0.02233434702201726 190610.70767690372 531983.7070343278 186446.54582147056 559737.235274034
31 29356.15620269056 0.0388228396672227 -1392.349713481759 -0.007240732144408086 193686.40033059384 533114.2948027435 192294.05061711208 563862.8007189158
32 25227.917058482883 0.03313579228819409 -1715.3804592790839 -0.008682299814944092 199287.5094851102 536834.0181615907 197572.12902583112 563777.3156793526
33 25737.731608977425 0.03344500802668468 -1593.2468213299871 -0.007867506179175237 204103.01103952722 539713.0152229877 202509.76421819723 567043.9936532952
34 30167.74925606139 0.03888051093189966 641.35490240535 0.0031034384074344864 206018.1041250215 539723.4269496482 206659.45902742684 569249.8213033043
35 26923.106095982483 0.03452511190626717 335.9315968278388 0.0015955313517057013 210209.34942739736 542679.8205114233 210545.2810242252 569266.995010578
36 26907.307883007918 0.03423197361092697 115.4468615069054 0.0005396180933950753 213826.34441638915 545294.8773095125 213941.79127789606 572086.7383310135
37 31034.260340619832 0.039295785076453475 2106.320468070131 0.009715296162393016 214698.23524104932 544028.0418459428 216804.55570911945 572955.9817184926
38 27487.269869341282 0.034673197201444815 1418.85001083542 0.006472442240939899 217795.1588621709 547470.247338288 219214.00887300633 573538.6671967938
39 28278.175934548606 0.03547662690950662 1240.4710439062328 0.0056087238452208294 219927.67310767883 548887.2908067288 221168.14415158506 575924.9956973712
40 30886.679416423314 0.03862474554035664 2655.723016523727 0.011892590712203728 220653.3171069646 548120.4021231664 223309.04012348832 576351.358523066
41 28804.85849100689 0.03604813068844759 2562.432609253039 0.011384085261550816 222526.5886323155 547735.187980673 225089.02124156855 573977.6138624268
42 29104.62148607755 0.03635254352102226 2467.101214320457 0.010871694429716028 224461.7579685713 547054.943486528 226928.85918289176 573692.463758285
43 29786.8892323724 0.03731500028229194 3621.0609522497107 0.015853965114547633 224779.9053730147 543688.3040689105 228400.96632526442 569854.1323490333
44 28959.042588275508 0.03631907561479197 3726.830422338855 0.016193598599069256 226415.37049358716 541976.3481385336 230142.20091592602 567208.5603044704
45 30149.32695210632 0.03776950237109596 3566.4469718221226 0.01539227711839775 228137.21483136207 539958.7370629597 231703.6618031842 566541.6170432438
46 30485.738414240768 0.038282279412199055 4669.3744360531855 0.020013997282153907 228636.0652632305 537218.9284401196 233305.43969928368 563035.2924183072
47 28955.60891306703 0.03647418776542097 4475.825746779388 0.01905881036052881 230367.04545618486 534543.1089834865 234842.87120296425 559022.8921497742
48 30473.514627785655 0.038400048994298 4441.961179853184 0.01880224294432804 231804.38416338494 531302.1987839823 236246.34534323812 557333.7522319148
49 30235.02028459753 0.03825508108119293 5397.983890400123 0.02271565986564776 232234.7295032063 527883.307376719 237632.71339360642 552720.3437709163
50 28763.438184987288 0.03642810733403687 4789.0916405299795 0.020021374664097077 234409.85053390128 526421.348225424 239198.94217443126 550395.6947698812
51 30560.387920911657 0.038835184643940215 5149.659841844899 0.02141150943826311 235359.29898206124 521005.5769036524 240508.95882390614 546416.3049827191
52 30429.550705370028 0.03882397436832682 5970.788752454158 0.024709723779763926 235666.4228032633 517686.5011211386 241637.21155571745 542145.2630740544
53 29096.342526295688 0.037272479411550624 5476.13390114042 0.022603183914389986 236796.5442260379 514745.8844177652 242272.6781271783 538366.0930429205
54 30469.322712367342 0.03924027200465756 5937.748798176384 0.02450367355429681 236383.01118987764 509628.59132556274 242320.75998805402 534160.1652397537
55 29770.529617844557 0.03857126493016701 6209.813053575868 0.025652786441691576 235861.86472266438 506199.42584334774 242071.67777624025 529760.1424076164
56 29645.73648802197 0.03853031152250981 5753.161646155146 0.02380947885708151 235880.08369655078 503887.5407923458 241633.24534270592 527780.1156342127
57 30041.38654908078 0.03931708584167317 6266.694568289298 0.02603006568769135 234481.62483578295 499556.67320964293 240748.31940407224 523331.3651904344
58 29146.410821860016 0.03835818000199043 6120.429483654618 0.025543094834831172 233491.47045372706 497210.7564947032 239611.89993738168 520236.7378329085
59 29358.960902830993 0.038915243024614674 5919.990767788026 0.024883373434037175 231989.5026327434 493084.98261458485 237909.4934005314 516523.95274962776
60 28846.581591455208 0.03853174348943232 6168.327853963507 0.02610553056629329 230116.00424568262 489682.01155479293 236284.33209964613 512360.2652922846
61 28016.84996275202 0.03770265292258142 5826.7265108408465 0.024855489957362125 228597.399540836 486485.97796002805 234424.12605167684 508676.1014119392
62 28041.140386924148 0.03800882519449582 5595.06248465422 0.02404286342099825 227116.92305063253 482595.34628858435 232711.98553528675 505041.4241908543
63 28255.53154998651 0.03860793533501329 5830.567159352155 0.02525322345763474 225053.5086551124 478549.0947820302 230884.07581446457 500974.05917266454
64 26879.576423993683 0.03707031661823266 5648.179740153311 0.024662279163966627 223372.8163568218 474844.63568031276 229020.9960969751 496076.0323641531
65 27237.028433890373 0.03787835830048653 5450.091328630486 0.023995193876893865 221682.53183715453 470146.145212303 227132.62316578501 491933.0823175629
66 26981.570735146524 0.03777896375760349 5400.684551385435 0.023962344551898575 219981.45782155404 467232.5991546642 225382.14237293947 488813.48533842526
67 26056.639259406307 0.03671651809718577 4974.144298449421 0.022240829144572635 218675.08505877742 464939.0345058532 223649.22935722684 486021.5294668101
68 26890.70566578413 0.038164547000921055 4993.679149222851 0.022497334363286586 216973.9134813085 460734.48601548554 221967.59263053135 482631.51253204676
69 26429.560445360956 0.03781262233852229 5048.384010086767 0.022924912505519528 215165.49941787793 457366.2607441226 220213.8834279647 478747.4371793968
70 26368.13977705507 0.03798268925006354 4986.997254633985 0.022802385750647292 213718.06760869588 454128.45454767067 218705.06486332987 475509.5970700918
71 26301.968805721204 0.03817095419594321 4848.964247661206 0.02233641838146699 212238.8501391116 450516.32829610683 217087.8143867728 471969.33285416686
72 25992.972158997087 0.03806021238497766 5134.194364419236 0.023824908924074125 210362.72026308376 446587.74194657494 215496.914627503 467446.51974115276
73 26305.41395444417 0.0387286087864356 4922.108058646641 0.023004591288510193 209039.87878634562 443879.0527424758 213961.98684499227 465262.3586382733
74 25763.4848795546 0.03826658442712131 4883.993967684481 0.0230124733742946 207348.47180194466 440151.290228377 212232.46576962914 461030.78114024707
75 25500.25790487288 0.03815832695863555 4969.964504172269 0.023596787442178194 205650.4225443071 437124.37082640943 210620.38704847937 457654.66422711004
76 25330.615095837275 0.038256168228418465 4809.583353251102 0.02301981476710023 204122.7387315003 432678.17342322774 208932.32208475142 453199.2051658139
77 25239.323943012103 0.038471732962535164 4924.727902556217 0.023761735974644666 202329.82234626502 428479.3859562251 207254.55024882124 448793.981996681
78 24697.428474710963 0.03789698513390828 4911.296519110212 0.023871632720117823 200826.4750314388 426175.1271012473 205737.77155054902 445961.25905684807
79 25292.45648413431 0.039074789539277045 4751.502555359155 0.023273729783064603 199405.828463266 422584.95783784706 204157.33101862515 443125.9117666222
80 22913.882825188688 0.03691401445594537 6419.062887796346 0.03200646945554627 194136.10601990751 403686.6924100681 200555.16890770386 420181.51234746043
81 21219.612390908995 0.035589394722604875 7739.873519095476 0.03933555811853646 189025.4423757906 385989.09184639796 196765.31589488607 399468.8307182114
82 25198.163036183105 0.04376515389292408 8943.43206221034 0.046385948442112565 183861.33667872235 366699.0843365292 192804.7687409327 382953.815310502
83 22126.977720351075 0.0402638991522827 9972.36706519706 0.052862053784224004 178676.50961112278 348745.3190735964 188648.87667631984 360899.9297287504
84 19102.092975716747 0.036291618958437244 10381.929102813738 0.05632850140215802 173928.47938279161 333319.4093712487 184310.40848560535 342039.57324415166
85 23525.21761368116 0.04640262076202188 11161.855468486989 0.06206406951954358 168682.2242848104 314772.9231617363 179844.07975329738 327136.2853069305
86 20514.93692719564 0.042580427265425005 11766.513344646955 0.06712426230065004 163527.97692393375 297749.73701439204 175294.4902685807 306498.1605969407
87 16521.385618437722 0.035943615272897356 11567.473569960071 0.06778186178508276 159089.8861620178 284036.02560466254 170657.35973197786 288989.9376531402
88 21782.534033599542 0.049285760260288684 12169.16272682388 0.0733409661583582 153756.6951429533 266424.81720441603 165925.8578697772 276038.1885111917
89 18527.516613126354 0.04432458975159869 12411.226028690056 0.07704114936782054 148687.4352780703 250781.39544009723 161098.66130676036 256897.68602453347
90 14148.529549983708 0.03562942836551467 11824.227356909774 0.07570505644455618 144363.85191054892 238589.96339992862 156188.0792674587 240914.26559300255
91 20080.432509009 0.052707263941537574 12423.313716537465 0.08217122016214486 138764.8235902116 222135.10613855434 151188.13730674906 229792.22493102588
92 16742.38850197749 0.04666452131678268 12308.687069348642 0.08421470115122158 133849.7259047274 208189.84733938437 146158.41297407605 212623.5487720132
93 12135.744670017186 0.03576995330514506 11484.978193013478 0.08138748230650443 129629.82063761218 197506.46466931808 141114.79883062566 198157.23114632178
94 17969.71175549412 0.05538209877364787 12031.886977946837 0.08843210638063916 124026.01631520635 182472.14428166585 136057.90329315318 188409.96905921312
95 15112.39538264359 0.04969509846169318 11848.465965895579 0.09041408940581222 119198.21098193315 169791.7266712011 131046.67694782873 173055.65608794912
96 10192.362846589793 0.035608927133176434 10727.775408200338 0.08506987797157148 115377.67653314756 160660.51197809007 126105.4519413479 160125.09941647953
97 15945.700885283295 0.05844268782131971 11313.71112251289 0.09333756624140087 109899.12501735394 146998.56100720222 121212.83613986683 151630.55076997261
98 13660.85943107729 0.053661407137820104 11173.327400697468 0.09601616476817929 105195.90508920948 135718.36050376858 116369.23248990695 138205.8925341484
99 8666.756541921422 0.036344852638336235 9799.68762340513 0.08780991456667654 101801.46438505004 127990.76054595939 111601.15200845517 126857.82946447571
100 13771.085152737258 0.0608277895725883 10338.95668125368 0.0967517262975244 96521.73797405422 116101.81079794871 106860.6946553079 119533.93926943227
101 12080.699703934748 0.05746203672704616 10250.281816975243 0.10033490337693907 91910.39679021783 106246.83435608858 102160.67860719307 108077.2522430481
102 7357.461854467561 0.03758266541134406 8764.712238907276 0.08990795630648256 88720.67836467517 99689.29069454559 97485.39060358245 98282.04031010586
103 11912.521378806312 0.06440308566563033 9309.053806288473 0.10033233319928411 83473.138229438 89582.517858501 92782.19203572648 92185.98543101885
104 10543.053953803043 0.0617751686275525 9228.625447995466 0.10475946584323673 78864.85015071832 81260.24926577487 88093.47559871379 82574.67777158243
105 6222.1290932050615 0.03941731682096961 7582.010699068909 0.09090277518612244 75825.90158463008 75804.64918531963 83407.91228369898 74444.76757945577
106 9974.639700568427 0.06731410361495291 8083.667460875091 0.10263373698312898 70678.61576577864 67527.27676839693 78762.28322665373 69418.24900809026
107 8934.142881675172 0.06579286483078485 8000.1118955354905 0.10790488245880234 66140.29503730095 60717.53442716249 74140.40693283644 61651.56541330218
108 5167.102750089958 0.04143592279910567 6323.884021736179 0.09090937887616996 63238.61986854017 56295.31940091631 69562.50389027635 55138.53812927009
109 8054.245226084866 0.06935452828570532 6790.3133312834325 0.10443457717089977 58229.46761896226 49847.78462409402 65019.780950245695 51111.71651889545
110 7398.625977363452 0.07000926694802546 6713.102650535839 0.11097252575003685 53780.27267064008 44501.76763944889 60493.37532117592 45187.2909662765
111 4096.222785453407 0.042543922302279394 5007.252580003165 0.08935933412066063 51027.77307542466 41158.21235559241 56035.025655427824 40247.18256104265
112 6368.992260781481 0.07160703238874033 5434.843857901586 0.10481876240890572 46415.07053719363 36159.6072343967 51849.91439509521 37093.7556372766
113 5894.923970623975 0.07337498883661892 5352.507750563418 0.11160596564397889 42606.467557600896 31838.3000218476 47958.975308164314 32380.716241908154
114 3179.5795854466996 0.043797171995991147 3969.011245629714 0.0895003870348749 40377.29134726456 29040.957660827466 44346.30259289427 28251.526000644448
115 4965.8825966829245 0.07454327274648076 4302.396832813465 0.10494069715653333 36695.966522785886 24955.59889051768 40998.36335559935 25619.08465438714
116 4629.940849267132 0.07746459217959989 4224.408555933274 0.11131157060087751 33726.79932954752 21411.738799719435 37951.20788548079 21817.27109305329
117 2560.715451941054 0.047710069358001345 3187.8604813342536 0.0906076916886278 31995.250598123508 19116.465920768496 35183.11107945776 18489.3208913753
118 3882.2685438615263 0.07911765629482548 3416.531530501936 0.10444280676373667 29295.453491411332 15891.837474864424 32711.985021913268 16357.574488224014
119 3654.6554197940186 0.0832460686814395 3365.298825772941 0.11043816205779156 27106.9470271769 13140.235533864075 30472.24585294984 13429.592127885155
120 2086.4650793747096 0.0532530200496809 2566.266664603929 0.09075688433686986 25710.00883069077 11383.746806584972 28276.2754952947 10903.94522135575
121 3030.2795629031534 0.08557453677965289 2720.1005116888336 0.10420763840245721 23382.597461214213 8998.118780696208 26102.697972903046 9308.297831910524
122 2879.274599626823 0.09248957765646301 2688.939295396289 0.11228025452757974 21259.521693670995 6992.004306975269 23948.460989067284 7182.339611205804
123 1623.8665783535234 0.059606852593922836 1957.9094605982937 0.08965803006201938 19879.615401859024 5739.469252530167 21837.524862457318 5405.426370285396
124 2249.833738110333 0.09348169436637346 2061.209568258757 0.1042874548699023 17703.48380574388 4113.787287309676 19764.693374002636 4302.411457161254
125 2143.4510177356046 0.10388575161775353 2025.2132038679756 0.11444473202114602 15670.780033232493 2818.5408581422957 17695.99323710047 2936.7786720099243
126 1165.7094433791135 0.06652345804183295 1365.666946861811 0.08715216021725687 14304.248101226663 2053.3263869971615 15669.915048088475 1853.3688835144626
127 1527.2564609050416 0.10211084586693403 1443.8335626313 0.10540000458615383 12254.776492467061 1174.8156354182527 13698.610055098361 1258.238533691995
128 1458.8315357996826 0.11800193147994334 1396.7626003022742 0.11863707682055778 10376.644480646968 527.3007407087069 11773.407080949242 589.369676206116
129 736.5798632816139 0.0733289031118984 803.8328403418545 0.0812492502130636 9089.58572332399 218.71210858653936 9893.418563665844 151.45913152629885
130 865.2839017936876 0.10752042517843644 865.2839017936876 0.10752042517843644 7182.339611205804 0.0 8047.623512999492 0
